2603	1825	36.70000076293945	-39.4862774075
2599	1821	36.70000076293945	-39.2602741439
2594	1815	37.0	-39.2911401182
2589	1810	37.400001525878906	-39.0843022458
2585	1806	38.0	-39.1761336281
2583	1803	38.5	-39.7972746698
2580	1800	39.29999923706055	-39.0507181455
2577	1797	40.099998474121094	-39.3012472183
2575	1795	40.900001525878906	-39.5233000169
2573	1793	41.70000076293945	-39.0471264444
2571	1791	42.599998474121094	-39.7138791391
2570	1790	43.5	-39.11811593
2570	1789	44.599998474121094	-39.5016371229
2570	1787	45.599998474121094	-39.9309215602
2568	1784	46.70000076293945	-39.4759397758
2566	1779	47.70000076293945	-39.2835022446
2563	1772	49.0	-39.1864533556
2559	1765	50.099998474121094	-38.9117704984
2555	1756	51.29999923706055	-38.9707408978
2550	1746	52.29999923706055	-39.6448158668
2545	1736	53.20000076293945	-39.3593879946
2541	1727	54.20000076293945	-39.2107833974
2536	1716	55.099998474121094	-39.5350210729
2531	1705	56.0	-39.5802942234
2526	1695	57.20000076293945	-39.0347382424
2520	1684	58.20000076293945	-39.3046198559
2515	1673	59.20000076293945	-39.4642439886
2509	1662	60.20000076293945	-39.5628316596
2503	1650	61.20000076293945	-39.3958261619
2497	1639	62.20000076293945	-39.6973175477
2492	1628	63.099998474121094	-44.3402667484
2485	1617	63.900001525878906	-47.3967820128
2478	1608	64.69999694824219	-51.7728101717
2470	1599	65.30000305175781	-51.6221781955
2461	1592	66.0999984741211	-51.5192224643
2450	1585	66.80000305175781	-51.9194901496
2440	1579	67.80000305175781	-51.5024180377
2429	1573	69.0	-51.4546348056
2419	1567	70.0999984741211	-51.825293801
2407	1560	71.30000305175781	-51.5632164179
2396	1553	72.69999694824219	-51.5793625082
2385	1545	73.9000015258789	-51.7971250352
2373	1537	75.0	-51.5746823269
2362	1528	76.0999984741211	-51.2364822547
2351	1518	77.0999984741211	-52.2544482935
2340	1509	78.19999694824219	-52.4810685409
2328	1499	79.0999984741211	-52.7346685144
2316	1489	80.30000305175781	-52.4130258946
2303	1480	81.5999984741211	-52.5663792678
2291	1470	82.69999694824219	-52.6601357405
2279	1461	83.80000305175781	-52.429756467
2266	1451	85.0999984741211	-52.3331942922
2254	1442	86.30000305175781	-52.4986353051
2242	1433	87.5999984741211	-54.2202308009
2229	1425	88.80000305175781	-56.4773985406
2216	1416	90.0	-60.1379964732
2203	1409	91.30000305175781	-64.1768548229
2189	1401	92.5999984741211	-67.5549895461
2175	1393	93.9000015258789	-70.9434292332
2159	1387	95.19999694824219	-73.4717203216
2143	1381	96.4000015258789	-76.7420919756
2126	1375	97.69999694824219	-79.6255445694
2109	1371	99.0	-82.9860528427
2090	1368	100.30000305175781	-83.0433632547
2072	1365	101.69999694824219	-82.6913550392
2051	1362	102.9000015258789	-83.3386442696
2031	1361	104.0	-83.556066148
2007	1358	105.30000305175781	-82.3935007532
1984	1356	106.5999984741211	-83.7614572116
1961	1353	107.80000305175781	-82.8987115949
1937	1350	108.9000015258789	-83.4705789476
1911	1347	109.80000305175781	-83.025759945
1890	1343	111.0	-83.4298553943
1876	1340	112.0999984741211	-83.6820914496
1867	1336	113.19999694824219	-83.4677471071
1862	1332	114.30000305175781	-83.5933439791
1859	1329	115.30000305175781	-83.1374824926
1857	1326	116.4000015258789	-82.8374855082
1853	1324	117.0	-83.3516336862
1848	1323	117.4000015258789	-83.2928340993
1840	1322	117.80000305175781	-83.1718109641
1828	1321	118.0999984741211	-82.3400098413
1811	1319	118.5	-78.9373054739
1792	1315	118.9000015258789	-75.1983928076
1772	1310	119.30000305175781	-71.8069839069
1750	1302	119.4000015258789	-64.3595980395
1729	1291	119.4000015258789	-60.19141679
1708	1277	119.30000305175781	-59.6989386641
1690	1262	119.30000305175781	-55.9292454305
1674	1245	119.30000305175781	-54.3710056018
1661	1227	119.30000305175781	-48.0034188215
1651	1209	119.30000305175781	-47.8664875049
1645	1192	119.4000015258789	-43.1301287508
1640	1175	119.30000305175781	-42.5440897448
1636	1160	119.30000305175781	-38.93295197
1634	1147	119.19999694824219	-31.6387250781
1632	1134	119.30000305175781	-31.6079035197
1630	1123	119.19999694824219	-31.6916959815
1627	1112	119.30000305175781	-31.83516449
1624	1102	119.4000015258789	-31.620653888
1619	1091	119.5	-31.434423425
1613	1079	119.5999984741211	-32.1777084326
1605	1066	119.69999694824219	-31.3619230304
1597	1050	119.80000305175781	-30.7599144391
1587	1031	119.80000305175781	-23.6956442251
1579	1011	120.0	-20.8730731041
1572	989	120.30000305175781	-19.5616940414
1566	967	120.69999694824219	-15.5075030834
1563	945	121.19999694824219	-10.7962638955
1561	924	121.80000305175781	-6.1860962479
1563	903	122.30000305175781	-2.7898706401
1568	884	122.80000305175781	1.8229687669
1575	866	123.5	8.5837614031
1585	851	124.0	13.5530489116
1597	837	124.5	18.3041086828
1610	825	125.0999984741211	23.56263136
1624	814	125.5999984741211	29.7541076106
1639	804	126.19999694824219	35.4911247126
1654	796	126.9000015258789	39.2383847821
1669	788	127.5	42.3116541629
1685	780	128.10000610351562	45.4567832701
1700	772	128.6999969482422	50.0872969801
1716	763	129.3000030517578	54.219195268
1733	755	130.0	57.891150989
1752	748	130.60000610351562	63.2836679771
1772	741	131.39999389648438	68.3898388516
1793	737	132.39999389648438	68.9164130435
1815	734	133.1999969482422	71.469698665
1838	732	133.8000030517578	78.0615213091
1862	733	134.60000610351562	83.7287048692
1886	736	135.5	88.4147238481
1911	743	136.39999389648438	89.7152309793
1936	751	137.5	92.1586155413
1962	760	138.6999969482422	96.0377921251
1989	770	139.89999389648438	102.5978416282
2015	783	141.1999969482422	106.3958272111
2040	796	142.6999969482422	111.3272028778
2063	813	144.1999969482422	117.166992548
2084	831	145.6999969482422	120.7728305883
2103	850	147.10000610351562	122.7659248059
2119	871	148.5	126.5358863094
2134	892	149.89999389648438	130.3268090931
2146	913	151.1999969482422	134.929500539
2157	936	152.60000610351562	139.0564423881
2166	959	153.8000030517578	140.6073253195
2174	982	154.60000610351562	140.0589187904
2182	1005	154.8000030517578	140.0676975306
2190	1028	154.60000610351562	139.8886160759
2200	1051	154.5	140.9388218109
2210	1072	154.6999969482422	153.2583853482
2220	1094	154.8000030517578	163.5658675146
2227	1117	154.89999389648438	165.6848315376
2230	1142	154.6999969482422	170.1843071071
2228	1167	154.60000610351562	177.6335545641
2223	1193	154.60000610351562	-178.1241781223
2214	1221	154.60000610351562	-169.9976158665
2200	1249	154.60000610351562	-168.8100449475
2184	1279	154.60000610351562	-169.8026195809
2165	1310	154.39999389648438	-169.7548886528
2145	1340	154.1999969482422	-169.5820492509
2127	1369	154.3000030517578	-168.6496974173
2113	1398	154.1999969482422	-170.0758247649
2103	1426	154.0	-169.0636963923
2095	1453	154.1999969482422	-169.8485885139
2091	1479	154.39999389648438	-169.1433498586
2089	1503	154.5	-172.7791806129
2089	1527	154.60000610351562	-177.3043125591
2092	1549	154.60000610351562	170.2283210039
2099	1571	154.5	163.8891329203
2110	1592	154.5	161.8029920747
2123	1614	154.6999969482422	161.162362099
2138	1636	154.6999969482422	160.9330888039
2154	1659	154.8000030517578	161.1072964726
2167	1683	154.8000030517578	161.3985525709
2178	1709	154.5	161.1723672443
2187	1735	154.5	161.4342295912
2194	1764	154.39999389648438	160.9759986075
2198	1793	154.5	163.5756837645
2200	1823	154.60000610351562	164.4228394689
2201	1853	154.3000030517578	164.3653471899
2202	1884	153.8000030517578	164.2024796022
2203	1913	153.1999969482422	164.3748115055
2205	1943	152.39999389648438	163.5850992094
2208	1971	151.5	164.0291480453
2213	2000	150.39999389648438	164.507542088
2219	2027	149.5	164.6007863643
2225	2054	148.39999389648438	163.8339941239
2232	2079	147.1999969482422	164.2414397871
2239	2105	146.10000610351562	164.2864746749
2246	2129	145.0	164.0837940394
2253	2153	143.6999969482422	164.2527558521
2258	2178	142.39999389648438	164.254211385
2263	2203	141.10000610351562	164.1901679695
2268	2227	139.89999389648438	164.4587765458
2272	2252	138.6999969482422	164.8072185937
2276	2277	137.39999389648438	165.2659607841
2280	2302	136.1999969482422	164.789788951
2284	2327	134.8000030517578	163.1620207358
2288	2353	133.5	158.688169581
2295	2379	132.3000030517578	158.4283294687
2302	2405	130.89999389648438	154.8678467803
2312	2432	130.5	154.4732820309
2323	2458	129.6999969482422	153.6489287297
2335	2484	128.6999969482422	148.2741087399
2350	2509	127.69999694824219	141.2876027451
2369	2531	127.0	134.2747855093
2391	2552	126.5999984741211	135.2481548179
2415	2571	126.30000305175781	134.8791557303
2439	2592	126.0	132.4051378949
2464	2611	125.69999694824219	126.8609676622
2490	2629	125.5	123.2175064945
2514	2642	125.0	119.3498524317
2538	2653	124.5999984741211	119.7816642413
2560	2662	124.0999984741211	116.7190729788
2582	2669	123.69999694824219	116.3669569164
2602	2675	123.4000015258789	113.6680115649
2621	2681	122.9000015258789	107.6890173692
2639	2686	122.30000305175781	102.0568432604
2657	2689	122.0	98.8851974246
2675	2692	121.5999984741211	96.015699853
2693	2694	121.0	90.0928140308
2713	2694	120.5999984741211	84.7326170417
2733	2693	120.5	82.6066315476
2753	2691	120.5	82.8190046721
2774	2689	120.19999694824219	82.6633897664
2795	2686	119.80000305175781	83.2429004066
2817	2684	119.19999694824219	79.0282291914
2840	2681	118.80000305175781	77.3991335789
2862	2678	118.5	75.340124235
2885	2675	118.30000305175781	72.5286515448
2909	2670	118.0999984741211	66.2534167607
2931	2662	118.0	60.0648378058
2953	2652	118.0	54.5524889717
2972	2639	118.0	54.7601972211
2991	2623	118.0999984741211	55.1803418385
3009	2607	118.19999694824219	55.1273426025
3028	2588	117.4000015258789	55.1804872559
3047	2570	116.4000015258789	54.4681025467
3067	2553	115.4000015258789	54.8608669476
3089	2536	114.5	53.2474239366
3112	2520	113.4000015258789	51.9524613616
3135	2504	112.30000305175781	44.3240237579
3159	2488	111.4000015258789	43.6189464481
3183	2471	110.4000015258789	43.5610403523
3206	2452	109.30000305175781	41.6011944651
3227	2433	108.19999694824219	32.7471007456
3244	2412	106.80000305175781	23.2009124667
3257	2388	105.30000305175781	12.8910779051
3263	2363	103.4000015258789	2.5422379599
3262	2334	101.5	-5.9450271907
3254	2304	99.69999694824219	-13.0026376576
3239	2272	97.5999984741211	-19.6411586357
3219	2239	95.69999694824219	-23.6623883193
3195	2206	93.80000305175781	-26.4699219547
3170	2172	92.0	-27.2879719215
3145	2136	90.19999694824219	-26.0420935926
3124	2100	87.9000015258789	-25.9257743102
3106	2064	85.80000305175781	-26.0620617848
3092	2029	83.19999694824219	-27.8323598735
3080	1997	80.4000015258789	-38.2206315634
3069	1968	77.5999984741211	-47.7384450663
3056	1946	74.80000305175781	-49.2642451126
3042	1929	71.9000015258789	-50.0398959666
3027	1919	68.9000015258789	-51.9193628181
3010	1913	65.30000305175781	-54.6732602666
2993	1910	62.20000076293945	-53.1233598669
2975	1909	59.0	-55.0412472005
2952	1907	55.900001525878906	-58.5893098632
2925	1905	52.79999923706055	-61.4589141897
2895	1902	49.900001525878906	-63.5275276648
2862	1898	48.0	-58.0071317887
2830	1888	45.79999923706055	-55.8311786299
2802	1874	43.900001525878906	-46.7046000283
2778	1859	41.5	-48.1859182621
2757	1846	38.900001525878906	-51.2297313738
2741	1834	36.900001525878906	-50.8990911125
2731	1825	35.5	-49.8861402598
2725	1819	33.70000076293945	-55.4291506775
2721	1818	31.799999237060547	-70.1705897282
2719	1819	30.5	-79.8703484889
2715	1820	29.700000762939453	-79.4752016987
