2590	1838	0.3247307332	37.61
2596	1844	0.3263463049	37.13
2603	1851	0.3285004142	37.48
2612	1858	0.3295774688	36.96
2620	1866	0.3295774688	37.35
2630	1874	0.3301159859	37.16
2639	1883	0.3301159859	37.44
2649	1892	0.3295774688	37.22
2660	1901	0.3295774688	36.92
2669	1910	0.3295774688	37.28
2679	1918	0.3295774688	37.55
2687	1927	0.3295774688	37.53
2696	1935	0.3290389312	37.59
2704	1943	0.3290389312	37.72
2712	1950	0.3290389312	36.98
2720	1958	0.3290389312	37.49
2727	1965	0.3301159859	37.15
2735	1972	0.3311930405	37.75
2742	1979	0.3328086122	37.51
2749	1985	0.3349627215	37.45
2756	1992	0.3371168103	37.44
2762	1997	0.3387324025	36.97
2769	2003	0.3403479742	38.54
2775	2009	0.3425020629	46.53
2782	2015	0.3430406005	48.73
2788	2022	0.3435791176	52.17
2795	2029	0.3441176552	54.48
2801	2036	0.3451946893	57.73
2807	2044	0.3462717645	58.6
2812	2051	0.3468102815	58.9
2816	2059	0.3468102815	64.48
2819	2066	0.3457332063	66.8
2822	2073	0.3457332063	66.77
2825	2081	0.3462717645	67.75
2826	2088	0.3468102815	67.91
2828	2096	0.3473487986	70.24
2829	2104	0.3484258327	72.33
2830	2112	0.3489643908	72.82
2831	2120	0.350579942	72.49
2833	2130	0.3516570172	74.75
2834	2141	0.3521955342	78.23
2835	2152	0.3532725683	80.88
2836	2164	0.3548881606	81.3
2837	2176	0.3559651947	82.28
2837	2190	0.3565037117	85.55
2838	2203	0.3575807869	89.98
2837	2216	0.3591963381	94.24
2836	2230	0.3602734133	97.54
2833	2244	0.3618889644	101.41
2830	2260	0.3629660396	103.49
2826	2274	0.3640430737	105.43
2821	2289	0.3645815908	105.71
2815	2304	0.3640430737	106.14
2808	2320	0.3635045567	106.34
2803	2334	0.3651201489	105.26
2797	2348	0.3667357001	106.27
2793	2362	0.3651201489	106.08
2789	2376	0.3640430737	106.06
2784	2390	0.3656586659	105.6
2782	2404	0.3683512923	105.83
2779	2418	0.3688898093	105.64
2776	2432	0.3683512923	105.93
2773	2446	0.3694283264	106.69
2770	2459	0.3715824357	105.73
2767	2472	0.374275062	106.22
2764	2485	0.3769676884	105.28
2761	2498	0.3796603147	97.94
2757	2509	0.3823529411	92.32
2754	2521	0.3845070504	87.96
2751	2532	0.3861226015	82.6
2749	2544	0.3882767108	77.43
2748	2556	0.3904308201	70.67
2748	2568	0.3942004806	65.04
2750	2580	0.397431665	58.74
2753	2592	0.4006628084	53.03
2756	2603	0.4049709859	46.99
2761	2614	0.4082021704	46.81
2767	2625	0.4114333138	46.66
2773	2635	0.4157414913	47.03
2781	2645	0.421126744	47.08
2791	2657	0.4259734797	47.49
2800	2667	0.4313587323	46.73
2810	2677	0.4372825021	46.43
2821	2688	0.4432063129	46.82
2832	2698	0.4491300827	46.9
2842	2708	0.4550538524	45.58
2854	2719	0.4604391051	47.51
2865	2730	0.4663628748	46.78
2876	2741	0.4722866446	46.62
2887	2753	0.4771333802	46.65
2899	2768	0.48305715	47
2911	2782	0.4889809608	46.93
2923	2797	0.4954432476	46.76
2935	2813	0.5013670173	46.8
2948	2829	0.5078293452	46.41
2960	2846	0.5132145979	46.81
2973	2863	0.5202154018	46.72
2986	2880	0.5261391715	47.38
2999	2897	0.5309859071	47.98
3014	2915	0.5358326428	56.66
3027	2932	0.5401408614	60.81
3040	2951	0.5439105218	66.21
3051	2969	0.5482187404	69.43
3062	2989	0.5530654349	73.81
3071	3009	0.5573736535	77.01
3080	3030	0.5627589062	80.4
3086	3051	0.5665285667	82.97
3091	3075	0.5708367853	85.76
3094	3098	0.5746064457	90.4
3093	3115	0.5799916984	93.37
3091	3128	0.584299917	96.97
3087	3138	0.5896851697	104.34
3081	3145	0.592377796	106.2
3075	3151	0.5972245317	106.84
3068	3158	0.6042253355	109.36
3061	3166	0.6090720712	111.43
3054	3176	0.6117646975	115.75
3045	3185	0.6160729161	118.22
3037	3195	0.6219966858	120.9
3029	3206	0.6263049044	125.16
3019	3216	0.631151599	129.79
3007	3225	0.6359983346	132.06
2996	3234	0.6408450703	135.35
2983	3243	0.64676884	139.2
2970	3252	0.6516155756	142.52
2955	3260	0.6564623113	146.38
2938	3266	0.6613090469	148.69
2921	3273	0.6672328167	150.97
2902	3278	0.6736951034	155.44
2882	3282	0.6790803561	157.54
2863	3285	0.6844656088	158.23
2844	3289	0.6893123445	154.25
2825	3293	0.6957746313	153.47
2806	3297	0.7027754762	162.94
2786	3301	0.708699287	170.37
2765	3301	0.7135459816	173.72
2745	3300	0.7194697924	178.63
2724	3295	0.724316487	-177.91
2703	3290	0.7286247056	-177.93
2683	3284	0.732394366	-178.06
2662	3276	0.7367025846	-178.56
2641	3270	0.7393952109	-178.05
2622	3265	0.7437034295	-175.59
2603	3260	0.7458574977	-162.27
2587	3254	0.74747309	-158.42
2570	3247	0.7480115659	-158.71
2556	3238	0.7485501241	-158.29
2542	3230	0.7496271582	-158.85
2528	3221	0.7496271582	-158.92
2514	3212	0.7507041923	-157.86
2499	3202	0.7512427504	-158.61
2483	3193	0.7533968186	-158.65
2466	3183	0.7566280031	-158.84
2449	3175	0.7603976636	-158.61
2432	3166	0.764167324	-158.53
2415	3156	0.7679370666	-158.76
2396	3147	0.7711681689	-158.54
2376	3138	0.7754763875	-158.58
2356	3128	0.779246048	-158.18
2335	3117	0.7835542666	-158.51
2313	3106	0.786785451	-158.89
2292	3094	0.7905551115	-158.43
2269	3083	0.7937862138	-158.69
2247	3071	0.7975559564	-158.89
2224	3059	0.8007870587	-158.97
2201	3047	0.8040182432	-158.67
2178	3035	0.8072493455	-159.35
2154	3024	0.81048053	-164.08
2131	3014	0.8126345982	-164.3
2108	3005	0.8153272246	-164.82
2086	2996	0.817481375	-165.05
2063	2988	0.8201740013	-164.97
2040	2980	0.8223280695	-165.93
2017	2973	0.8250206959	-164.76
1995	2965	0.8271748462	-165.07
1972	2957	0.8287903563	-165.3
1948	2949	0.8314829826	-164.9
1924	2941	0.834175609	-165.11
1900	2932	0.8374067935	-165.29
1878	2924	0.8417150121	-165.92
1855	2915	0.8465617066	-164.75
1833	2907	0.8508699252	-165.31
1810	2899	0.8551781438	-164.94
1787	2891	0.8584092461	-165.26
1765	2883	0.8627174647	-165.32
1742	2875	0.8664871251	-164.64
1720	2867	0.8697183096	-165.22
1698	2859	0.8734879701	-165.3
1676	2852	0.8761805964	-165.61
1653	2844	0.8788732228	-164.93
1630	2837	0.8821044072	-165.08
1606	2829	0.8853355096	-164.8
1584	2820	0.8880281359	-165.29
1561	2811	0.8901822863	-164.83
1538	2802	0.8928749126	-160.08
1516	2791	0.895567539	-155.75
1494	2779	0.8987986413	-154.15
1473	2764	0.9014912676	-150.19
1453	2748	0.903645418	-145.42
1433	2730	0.9068765203	-141.08
1413	2709	0.9095691467	-137.38
1394	2687	0.9117232971	-134.9
1378	2664	0.9138773653	-132.7
1362	2640	0.9154929575	-130.76
1348	2616	0.9181855838	-125.72
1335	2591	0.9203396521	-121.75
1323	2564	0.9230322784	-118.43
1314	2537	0.9246478706	-114.24
1306	2508	0.926802021	-111.26
1301	2477	0.9284175311	-108.87
1297	2447	0.9305716815	-106.53
1294	2416	0.9321872737	-105.79
1292	2384	0.9343413419	-104.44
1291	2353	0.9359569342	-93.84
1293	2322	0.9375725264	-92.2
1297	2290	0.9386495605	-89.67
1302	2257	0.9408036287	-87.23
1310	2225	0.942419221	-82.98
1319	2192	0.9445732892	-80.3
1331	2159	0.9467274395	-75.26
1344	2126	0.9488815078	-75.72
1359	2093	0.9504971	-75.73
1373	2061	0.9526511682	-72.66
1389	2029	0.9542667604	-68.62
1405	1997	0.9569593868	-65.38
1424	1968	0.9596520131	-61.43
1444	1940	0.9623446395	-57.28
1467	1913	0.9650372658	-55.99
1490	1887	0.9677298922	-54.91
1514	1863	0.9704225185	-53.18
1539	1840	0.9731151449	-52.32
1564	1817	0.9774233634	-52.92
1588	1796	0.9806545479	-52.18
1612	1775	0.9844242084	-50.95
1635	1755	0.9881938688	-49.72
1659	1735	0.9919635293	-50.5
1682	1715	0.9946561556	-49.11
1706	1696	0.9989643742	-44.74
1730	1677	1.0027340347	-39.6
1755	1660	1.0043496269	-38.54
1781	1644	1.0043496269	-36.35
1808	1629	1.0065036951	-32.25
1835	1616	1.0086578455	-29.77
1863	1605	1.0108119137	-29.88
1891	1593	1.0129660641	-27.59
1920	1582	1.0151201323	-24.22
1950	1573	1.0156586904	-23.55
1980	1563	1.0178127586	-18.63
2011	1557	1.0210439431	-12.09
2043	1554	1.020505385	-13.63
2076	1551	1.0188897927	-11.85
2108	1550	1.0188897927	-8.92
2139	1550	1.0194283509	-4.91
2170	1553	1.0210439431	-1.14
2200	1557	1.020505385	-2.26
2229	1563	1.0210439431	-1.8
2258	1568	1.0210439431	2.13
2286	1573	1.0210439431	5.68
2313	1580	1.0210439431	9.07
2339	1588	1.0210439431	8.86
2365	1597	1.0215824191	15.57
2390	1607	1.0210439431	17.08
2414	1619	1.0210439431	20.77
2438	1632	1.0215824191	21.37
2463	1647	1.0215824191	26.6
2486	1662	1.0215824191	26.28
2509	1679	1.0215824191	31.32
2531	1697	1.0210439431	35.4
2551	1717	1.0210439431	33.64
2572	1738	1.020505385	32.34
2594	1758	1.0210439431	36.56
2615	1778	1.020505385	42.91
2634	1799	1.020505385	44.16
2651	1822	1.020505385	43.95
2669	1845	1.020505385	44.31
2686	1868	1.020505385	44.18
2703	1891	1.0199668268	44.95
2720	1913	1.0199668268	45.05
2738	1936	1.0199668268	44.55
2756	1958	1.0199668268	43.76
2774	1979	1.0199668268	45.33
2789	1997	1.020505385	44.5
2800	2010	1.0210439431	43.87
2809	2020	1.0215824191	43.88
2815	2027	1.0221209772	50.13
2821	2034	1.0215824191	44.69
2829	2043	1.0199668268	44.34
2837	2054	1.0199668268	44.3
2849	2067	1.0188897927	45.13
2860	2080	1.0188897927	44.51
2874	2095	1.0194283509	44.54
2888	2111	1.0199668268	44.46
2904	2128	1.020505385	44.66
2920	2146	1.0215824191	44.65
2938	2165	1.0237365695	44.56
2958	2186	1.0253520795	44.3
2977	2207	1.0269676718	44.33
3001	2232	1.028583264	44.59
3021	2255	1.0301988563	44.57
3043	2279	1.0328914826	45.16

