2757	2509	71	92.32
2754	2521	71.4000015259	87.96
2751	2532	71.6999969482	82.6
2749	2544	72.0999984741	77.43
2748	2556	72.5	70.67
2748	2568	73.1999969482	65.04
2750	2580	73.8000030518	58.74
2753	2592	74.4000015259	53.03
2756	2603	75.1999969482	46.99
2761	2614	75.8000030518	46.81
2767	2625	76.4000015259	46.66
2773	2635	77.1999969482	47.03
2781	2645	78.1999969482	47.08
2791	2657	79.0999984741	47.49
2800	2667	80.0999984741	46.73
2810	2677	81.1999969482	46.43
2821	2688	82.3000030518	46.82
2832	2698	83.4000015259	46.9
2842	2708	84.5	45.58
2854	2719	85.5	47.51
2865	2730	86.5999984741	46.78
2876	2741	87.6999969482	46.62
2887	2753	88.5999984741	46.65
2899	2768	89.6999969482	47
2911	2782	90.8000030518	46.93
2923	2797	92	46.76
2935	2813	93.0999984741	46.8
2948	2829	94.3000030518	46.41
2960	2846	95.3000030518	46.81
2973	2863	96.5999984741	46.72
2986	2880	97.6999969482	47.38
2999	2897	98.5999984741	47.98
3014	2915	99.5	56.66
3027	2932	100.3000030518	60.81
3040	2951	101	66.21
3051	2969	101.8000030518	69.43
3062	2989	102.6999969482	73.81
3071	3009	103.5	77.01
3080	3030	104.5	80.4
3086	3051	105.1999969482	82.97
3091	3075	106	85.76
3094	3098	106.6999969482	90.4
3093	3115	107.6999969482	93.37
3091	3128	108.5	96.97
3087	3138	109.5	104.34
3081	3145	110	106.2
3075	3151	110.9000015259	106.84
3068	3158	112.1999969482	109.36
3061	3166	113.0999984741	111.43
3054	3176	113.5999984741	115.75
3045	3185	114.4000015259	118.22
3037	3195	115.5	120.9
3029	3206	116.3000030518	125.16
3019	3216	117.1999969482	129.79
3007	3225	118.0999984741	132.06
2996	3234	119	135.35
2983	3243	120.0999984741	139.2
2970	3252	121	142.52
2955	3260	121.9000015259	146.38
2938	3266	122.8000030518	148.69
2921	3273	123.9000015259	150.97
2902	3278	125.0999984741	155.44
2882	3282	126.0999984741	157.54
2863	3285	127.0999984741	158.23
2844	3289	128	154.25
2825	3293	129.1999969482	153.47
2806	3297	130.5	162.94
2786	3301	131.6000061035	170.37
2765	3301	132.5	173.72
2745	3300	133.6000061035	178.63
2724	3295	134.5	-177.91
2703	3290	135.3000030518	-177.93
2683	3284	136	-178.06
2662	3276	136.8000030518	-178.56
2641	3270	137.3000030518	-178.05
2622	3265	138.1000061035	-175.59
2603	3260	138.5	-162.27
2587	3254	138.8000030518	-158.42
2570	3247	138.8999938965	-158.71
2556	3238	139	-158.29
2542	3230	139.1999969482	-158.85
2528	3221	139.1999969482	-158.92
2514	3212	139.3999938965	-157.86
2499	3202	139.5	-158.61
2483	3193	139.8999938965	-158.65
2466	3183	140.5	-158.84
2449	3175	141.1999969482	-158.61
2432	3166	141.8999938965	-158.53
2415	3156	142.6000061035	-158.76
2396	3147	143.1999969482	-158.54
2376	3138	144	-158.58
2356	3128	144.6999969482	-158.18
2335	3117	145.5	-158.51
2313	3106	146.1000061035	-158.89
2292	3094	146.8000030518	-158.43
2269	3083	147.3999938965	-158.69
2247	3071	148.1000061035	-158.89
2224	3059	148.6999969482	-158.97
2201	3047	149.3000030518	-158.67
2178	3035	149.8999938965	-159.35
2154	3024	150.5	-164.08
2131	3014	150.8999938965	-164.3
2108	3005	151.3999938965	-164.82
2086	2996	151.8000030518	-165.05
2063	2988	152.3000030518	-164.97
2040	2980	152.6999969482	-165.93
2017	2973	153.1999969482	-164.76
1995	2965	153.6000061035	-165.07
1972	2957	153.8999938965	-165.3
1948	2949	154.3999938965	-164.9
1924	2941	154.8999938965	-165.11
1900	2932	155.5	-165.29
1878	2924	156.3000030518	-165.92
1855	2915	157.1999969482	-164.75
1833	2907	158	-165.31
1810	2899	158.8000030518	-164.94
1787	2891	159.3999938965	-165.26
1765	2883	160.1999969482	-165.32
1742	2875	160.8999938965	-164.64
1720	2867	161.5	-165.22
1698	2859	162.1999969482	-165.3
1676	2852	162.6999969482	-165.61
1653	2844	163.1999969482	-164.93
1630	2837	163.8000030518	-165.08
1606	2829	164.3999938965	-164.8
1584	2820	164.8999938965	-165.29
1561	2811	165.3000030518	-164.83
1538	2802	165.8000030518	-160.08
1516	2791	166.3000030518	-155.75
1494	2779	166.8999938965	-154.15
1473	2764	167.3999938965	-150.19
1453	2748	167.8000030518	-145.42
1433	2730	168.3999938965	-141.08
1413	2709	168.8999938965	-137.38
1394	2687	169.3000030518	-134.9
1378	2664	169.6999969482	-132.7
1362	2640	170	-130.76
1348	2616	170.5	-125.72
1335	2591	170.8999938965	-121.75
1323	2564	171.3999938965	-118.43
1314	2537	171.6999969482	-114.24
1306	2508	172.1000061035	-111.26
1301	2477	172.3999938965	-108.87
1297	2447	172.8000030518	-106.53
1294	2416	173.1000061035	-105.79
1292	2384	173.5	-104.44
1291	2353	173.8000030518	-93.84
1293	2322	174.1000061035	-92.2
1297	2290	174.3000030518	-89.67
1302	2257	174.6999969482	-87.23
1310	2225	175	-82.98
1319	2192	175.3999938965	-80.3
1331	2159	175.8000030518	-75.26
1344	2126	176.1999969482	-75.72
1359	2093	176.5	-75.73
1373	2061	176.8999938965	-72.66
1389	2029	177.1999969482	-68.62
1405	1997	177.6999969482	-65.38
1424	1968	178.1999969482	-61.43
1444	1940	178.6999969482	-57.28
1467	1913	179.1999969482	-55.99
1490	1887	179.6999969482	-54.91
1514	1863	180.1999969482	-53.18
1539	1840	180.6999969482	-52.32
1564	1817	181.5	-52.92
1588	1796	182.1000061035	-52.18
1612	1775	182.8000030518	-50.95
1635	1755	183.5	-49.72
1659	1735	184.1999969482	-50.5
1682	1715	184.6999969482	-49.11
1706	1696	185.5	-44.74
1730	1677	186.1999969482	-39.6
1755	1660	186.5	-38.54
1781	1644	186.5	-36.35
1808	1629	186.8999938965	-32.25
1835	1616	187.3000030518	-29.77
1863	1605	187.6999969482	-29.88
1891	1593	188.1000061035	-27.59
1920	1582	188.5	-24.22
1950	1573	188.6000061035	-23.55
1980	1563	189	-18.63
2011	1557	189.6000061035	-12.09
2043	1554	189.5	-13.63
2076	1551	189.1999969482	-11.85
2108	1550	189.1999969482	-8.92
2139	1550	189.3000030518	-4.91
2170	1553	189.6000061035	-1.14
2200	1557	189.5	-2.26
2229	1563	189.6000061035	-1.8
2258	1568	189.6000061035	2.13
2286	1573	189.6000061035	5.68
2313	1580	189.6000061035	9.07
2339	1588	189.6000061035	8.86
2365	1597	189.6999969482	15.57
2390	1607	189.6000061035	17.08
2414	1619	189.6000061035	20.77
2438	1632	189.6999969482	21.37
2463	1647	189.6999969482	26.6
2486	1662	189.6999969482	26.28
2509	1679	189.6999969482	31.32
2531	1697	189.6000061035	35.4
2551	1717	189.6000061035	33.64
2572	1738	189.5	32.34
2594	1758	189.6000061035	36.56
2615	1778	189.5	42.91
2634	1799	189.5	44.16
2651	1822	189.5	43.95
2669	1845	189.5	44.31
2686	1868	189.5	44.18
2703	1891	189.3999938965	44.95
2720	1913	189.3999938965	45.05
2738	1936	189.3999938965	44.55
2756	1958	189.3999938965	43.76
2774	1979	189.3999938965	45.33
2789	1997	189.5	44.5
2800	2010	189.6000061035	43.87
2809	2020	189.6999969482	43.88
2815	2027	189.8000030518	50.13
